[[2, 1, [0.0022432683035731316, 0.9280731678009033],
  {'loss': [0.0017992163775488734, 0.0006659203208982944, 0.0005888297455385327, 0.0006184196099638939, 0.0004327154892962426, 0.0004953945754095912],
  'accuracy': [0.9266704320907593, 0.9754685759544373, 0.9789953231811523, 0.976111650466919, 0.9850199818611145, 0.9832244515419006]}],
[2, 2, [3.927758882582566e-07, 0.9999876022338867],
  {'loss': [0.0036401234101504087, 0.002677253680303693, 0.0025786859914660454, 0.0025785842444747686, 0.002577098086476326, 0.002551101380959153],
  'accuracy': [0.8850494027137756, 0.9237001538276672, 0.9271378517150879, 0.9274791479110718, 0.9274420738220215, 0.9283818602561951]}],
[2, 3, [0.001267709187231958, 0.9556105732917786],
  {'loss': [0.018521035090088844, 0.016820164397358894, 0.01677490957081318, 0.01675223559141159, 0.016734860837459564, 0.016801921650767326],
  'accuracy': [0.48716795444488525, 0.536764919757843, 0.5381820797920227, 0.5389834046363831, 0.5395793914794922, 0.537731945514679]}],
[3, 1, [0.0004716852563433349, 0.9840288758277893],
  {'loss': [0.0020120602566748857, 0.0009794315556064248, 0.0012205671519041061, 0.0013043000362813473, 0.0012046248884871602, 0.0013010395923629403],
  'accuracy': [0.9163276553153992, 0.9621036052703857, 0.9474896192550659, 0.9432332515716553, 0.949052631855011, 0.9461169838905334]}],
[3, 2, [4.049258859595284e-05, 0.9984800219535828],
  {'loss': [0.00223572482354939, 0.0009059080039151013, 0.0007273805676959455, 0.0006367535679601133, 0.0006230483995750546, 0.0006532740080729127],
  'accuracy': [0.907587468624115, 0.9672749638557434, 0.9743458032608032, 0.9787974953651428, 0.9794232249259949, 0.977961540222168]}],
[3, 3, [0.00035613111685961485, 0.9901894330978394],
  {'loss': [0.017082156613469124, 0.016849659383296967, 0.016805555671453476, 0.016780344769358635, 0.01675565168261528, 0.01678592897951603],
  'accuracy': [0.5258557796478271, 0.5354319214820862, 0.5372027158737183, 0.5379742980003357, 0.5387880206108093, 0.5379372239112854]}],
[4, 1, [0.00016580063675064594, 0.9928157925605774],
  {'loss': [0.0020187762565910816, 0.0008218040456995368, 0.0007054758025333285, 0.0006551022524945438, 0.000711358617991209, 0.0007036891183815897],
  'accuracy': [0.9168742299079895, 0.9700968861579895, 0.9753944277763367, 0.9776029586791992, 0.9761314392089844, 0.977325975894928]}],
[4, 2, [8.282367153222836e-11, 1.0],
  {'loss': [0.002451288513839245, 0.0013821746688336134, 0.0015535799320787191, 0.0015650634886696935, 0.0015955731505528092, 0.014727015048265457],
  'accuracy': [0.8954787850379944, 0.9419596195220947, 0.9255946278572083, 0.923841118812561, 0.9246349930763245, 0.5661338567733765]}],
[4, 3, [1.205291391670471e-05, 0.9998635053634644],
  {'loss': [0.017231877893209457, 0.01701931841671467, 0.016913821920752525, 0.017086122184991837, 0.01708739809691906, 0.01858537271618843],
  'accuracy': [0.5208500623703003, 0.5307304263114929, 0.5338490605354309, 0.5293503999710083, 0.5296422243118286, 0.48850592970848083]}],
[5, 1, [2.261371264467016e-05, 0.9993526935577393],
  {'loss': [0.0025748778134584427, 0.0011848718859255314, 0.0014206171035766602, 0.0014423285610973835, 0.001543980441056192, 0.0012870733626186848],
  'accuracy': [0.8905126452445984, 0.9552504420280457, 0.9407576322555542, 0.9405993223190308, 0.9341344833374023, 0.947403073310852]}],
[5, 2, [0.0005777084734290838, 0.9790636301040649],
  {'loss': [0.003257511416450143, 0.002008856972679496, 0.001103913993574679, 0.0008762317593209445, 0.0021313640754669905, 0.007153150159865618],
  'accuracy': [0.8660703301429749, 0.9320149421691895, 0.9612454175949097, 0.9698916077613831, 0.9365655779838562, 0.7234053611755371]}],
[5, 3, [8.951243218868754e-11, 1.0],
  {'loss': [0.003302587429061532, 0.002968857064843178, 0.003660917514935136, 0.0035863094963133335, 0.0032736018765717745, 0.0037494341377168894],
  'accuracy': [0.857854425907135, 0.8826751708984375, 0.8627488613128662, 0.8673959374427795, 0.8754708170890808, 0.8636218905448914]}]]
