[[2, 1, [0.03168407827615738, 0.11840175092220306],
  {'loss': [0.004515376873314381, 0.003516889875754714, 0.00371559988707304, 0.003972470294684172, 0.00467480206862092, 0.005262991413474083],
  'accuracy': [0.8501529693603516, 0.8982908129692078, 0.8946428894996643, 0.8885761499404907, 0.8699853420257568, 0.8540259599685669]}],
[2, 2, [8.900879038264975e-07, 0.9999696612358093],
  {'loss': [0.018028859049081802, 0.017723077908158302, 0.017695510759949684, 0.01773860491812229, 0.017751842737197876, 0.01772746816277504],
  'accuracy': [0.499284029006958, 0.5117537379264832, 0.5129013061523438, 0.5117809772491455, 0.5114074945449829, 0.5122137665748596]}],
[2, 3, [0.012489848770201206, 0.6432739496231079],
  {'loss': [0.01808648370206356, 0.01779203861951828, 0.01768331415951252, 0.017690768465399742, 0.017673371359705925, 0.01769193448126316],
  'accuracy': [0.4961702823638916, 0.5098073482513428, 0.5131040811538696, 0.5130125880241394, 0.5135616660118103, 0.5130818486213684]}],
[3, 1, [0.0008506807498633862, 0.9765483736991882],
  {'loss': [0.0038957565557211637, 0.005551071371883154, 0.01834634132683277, 0.018527060747146606, 0.01927005499601364, 0.019661657512187958],
  'accuracy': [0.8249735832214355, 0.8180907368659973, 0.4948248863220215, 0.4900071620941162, 0.4697469174861908, 0.4590652883052826]}],
[3, 2, [0.0010338675929233432, 0.968779444694519],
  {'loss': [0.006585538387298584, 0.007545337546616793, 0.009077372960746288, 0.008573445491492748, 0.008559801615774632, 0.007923604920506477],
  'accuracy': [0.7572482228279114, 0.6943752765655518, 0.6221190690994263, 0.6521557569503784, 0.6517921686172485, 0.6827711462974548]}],
[3, 3, [5.100755315132307e-17, 1.0],
  {'loss': [0.018172044306993484, 0.017831850796937943, 0.017772145569324493, 0.017801903188228607, 0.017771853134036064, 0.017742525786161423],
  'accuracy': [0.49467402696609497, 0.5082715153694153, 0.5101436972618103, 0.509550154209137, 0.5105518102645874, 0.5114198923110962]}],
[4, 1, [0.032696694135665894, 0.08042272180318832],
  {'loss': [0.00516628660261631, 0.0028692337218672037, 0.0034879683516919613, 0.005725064314901829, 0.007348285522311926, 0.0048272875137627125],
  'accuracy': [0.76082444190979, 0.8745829463005066, 0.8396221995353699, 0.7262742519378662, 0.6498433351516724, 0.7907968163490295]}],
[4, 2, [0.0010934522142633796, 0.9687693119049072],
  {'loss': [0.005950176157057285, 0.0033626442309468985, 0.004121859557926655, 0.003957009874284267, 0.004892247729003429, 0.006554306950420141],
  'accuracy': [0.7240236401557922, 0.8530935645103455, 0.8194114565849304, 0.8211773037910461, 0.7651525139808655, 0.6753763556480408]}],
[4, 3, [2.4396843920082567e-11, 1.0],
  {'loss': [0.006616377271711826, 0.004598088096827269, 0.0049193971790373325, 0.0065368846990168095, 0.009081167168915272, 0.009814445860683918],
  'accuracy': [0.7278570532798767, 0.8088213205337524, 0.7820121049880981, 0.6902871131896973, 0.5291920900344849, 0.48904260993003845]}],
[5, 1, [0.01714431121945381, 0.5136289000511169],
  {'loss': [0.005454293452203274, 0.003186528803780675, 0.008586709387600422, 0.009367823600769043, 0.010658485814929008, 0.011524096131324768],
  'accuracy': [0.752423107624054, 0.863339900970459, 0.5427203178405762, 0.5008965134620667, 0.4648302495479584, 0.44201770424842834]}],
[5, 2, [0.007903839461505413, 0.7687171101570129],
   {'loss': [0.010285766795277596, 0.0070515284314751625, 0.005108353216201067, 0.003943404648452997, 0.005344568286091089, 0.004674088675528765],
   'accuracy': [0.5224922895431519, 0.6687062382698059, 0.7804688811302185, 0.837215781211853, 0.7776123285293579, 0.8063333034515381]}],
[5, 3, [0.03637143224477768, 0.0],
   {'loss': [0.01071134489029646, 0.018583355471491814, 0.01143568567931652, 0.013270698487758636, 0.028391392901539803, 0.032497793436050415],
   'accuracy': [0.5369380712509155, 0.47471553087234497, 0.4427843987941742, 0.3940505385398865, 0.125770702958107, 0.10586661100387573]}]]